%YAML:1.0
---
model_type: PINHOLE
camera_name: camera
image_width: 1920
image_height: 1080
# distortion_parameters:
#    k1: -0.13095809
#    k2: 0.06640391
#    p1: -0.00094794
#    p2: 0.0003389
projection_parameters:
   fx: 1840.0215122388756
   fy: 1840.0215122388756
   cx: 963.62819621821473
   cy: 557.52823657359090
#   cam0_intrinsics=" 890.21388839 889.56330572 512.88196119 381.38486858"
#   cam0_distortion_coeffs="-0.13095809  0.06640391 -0.00094794  0.0003389"